Epoch: [0][1522/22891]	Loss 43093100.0000 (28295.8928)	Prec@1 18.750 (67.150)	target: tensor([9, 2, 2, 2, 2, 9, 2, 0, 2, 9, 2, 2, 2, 2, 8, 2, 9, 2, 2, 2, 9, 2, 2, 2,
        2, 2, 2, 9, 8, 2, 8, 2])	pred: tensor([[-37625908., -42062668.,  18465186.,  45375556.,  17138352., -42179560.,
         -53982800., -33101648.,  53794296.,  73478344.],
        [-31040816., -35142240.,  12693117.,  35334320.,  12618938., -33407480.,
         -46029580., -29283620.,  50074828.,  62895560.],
        [-38919240., -44174204.,  12050932.,  43037924.,  16014778., -40272260.,
         -57259776., -38350732.,  68054328.,  77574936.],
        [-33669864., -38483296.,  10599188.,  36943588.,  13240679., -35015772.,
         -50403376., -33651940.,  59893648.,  68553624.],
        [-37748432., -42513184.,  11758209.,  41516048.,  15393597., -38916212.,
         -55171284., -36877268.,  65426956.,  75263800.],
        [-36225120., -40585672.,  11066860.,  39359900.,  14512205., -36963012.,
         -52728840., -35273340.,  62821592.,  72265544.],
        [-27840548., -31737972.,   9619613.,  30195002.,  10434904., -28850894.,
         -41857300., -27277842.,  48297340.,  57362948.],
        [-25196912., -28508662.,  12574576.,  29294960.,  10095741., -27856932.,
         -37599708., -22633104.,  37289228.,  51746176.],
        [-28920768., -33081128.,  15260835.,  35326424.,  13055942., -32689642.,
         -42733572., -25293416.,  40369104.,  57805340.],
        [-34882100., -40026892.,  14566044.,  40985564.,  15320700., -37984096.,
         -51629116., -32747694.,  55231220.,  69445232.],
        [-38954724., -44260404.,  12155368.,  43104064.,  16019192., -40385316.,
         -57332772., -38385892.,  68104192.,  77643416.],
        [-37642856., -42832848.,  12665285.,  42190252.,  15542990., -39631744.,
         -55654288., -36895832.,  64824284.,  75424120.],
        [-25438542., -29774634.,  10391300.,  28637006.,   9522269., -27642488.,
         -39710668., -25269766.,  43737808.,  53778308.],
        [-34032720., -38924156.,  11431696.,  37844480.,  13648522., -35772768.,
         -50884372., -33649596.,  59332104.,  69059136.],
        [-32983506., -36645232.,  14237196.,  37863656.,  13967189., -35330860.,
         -47466932., -29687408.,  49909384.,  65151652.],
        [-30614030., -34953712.,  14146531.,  35897132.,  12845459., -33876032.,
         -45630908., -28334660.,  47276988.,  61913652.],
        [-41693184., -47339024.,  15702193.,  48333660.,  18475964., -44472252.,
         -60671624., -39493764.,  67508608.,  81569840.],
        [-36030104., -41615004.,  16574328.,  43691784.,  16584904., -40252824.,
         -53333584., -33135456.,  54590768.,  71266512.],
        [-35264652., -40573780.,  11566741.,  39398724.,  14228693., -37221572.,
         -53023084., -35334272.,  62414156.,  71712104.],
        [-32703368., -37899816.,  14371944.,  38706876.,  14021926., -36384920.,
         -49338244., -31153136.,  52387820.,  66337400.],
        [-35357108., -39018992.,  11020827.,  37965360.,  14275581., -35300372.,
         -50250552., -33146408.,  58928256.,  69197504.],
        [-32752942., -37314664.,  14496925.,  38314632.,  13930263., -35981000.,
         -48504288., -30452046.,  51114712.,  65729672.],
        [-36294924., -41731764.,  15036366.,  42606288.,  15626833., -39985420.,
         -54165248., -34754252.,  58989204.,  72948816.],
        [-38625016., -43965304.,  12054737.,  42812648.,  15804987., -40209312.,
         -57119584., -38308596.,  67962136.,  77374528.],
        [-39969612., -45849292.,  12821593.,  44963528.,  16610499., -42274936.,
         -59596444., -39973288.,  70596816.,  80384616.],
        [-37168748., -42613372.,  16527973.,  44444088.,  16625999., -41343664.,
         -54888228., -34591476.,  57650564.,  73784112.],
        [-31676840., -36595136.,  10871141.,  35326668.,  12416799., -33672464.,
         -48190916., -31832724.,  56109684.,  65348036.],
        [-34470972., -39679156.,  14144720.,  40551788.,  15101885., -37717248.,
         -51443940., -32701242.,  55398444.,  69286728.],
        [-31464994., -36041008.,  18913966.,  40491892.,  15593094., -36774732.,
         -45774336., -25984366.,  39073648.,  61307416.],
        [-37724776., -42516836.,  11780148.,  41490500.,  15394796., -38874488.,
         -55147884., -36821296.,  65331288.,  75152880.],
        [-36864984., -41827184.,  13025614.,  41435656.,  15356168., -38769656.,
         -54191692., -35462140.,  61879540.,  73384944.],
        [-39187540., -45039688.,  14229607.,  45070064.,  16589339., -42400420.,
         -58524716., -38580176.,  66971452.,  78844824.]], device='cuda:0',
       grad_fn=<AddmmBackward0>)
